100 80
141 98
82 86
191 30
173 75
53 41
121 87
12 118
95 179
28 28
78 159
190 47
84 106
167 66
84 12
111 108
68 64
92 99
99 2
144 198
88 180
171 119
88 73
33 72
55 9
62 84
133 16
54 84
144 131
124 101
65 182
174 76
93 30
159 15
122 144
144 185
95 169
55 134
45 171
155 89
42 189
115 49
51 87
89 21
197 29
130 17
27 21
77 35
60 7
83 170
142 83
112 145
120 44
102 97
178 62
72 161
106 196
30 52
93 33
121 146
197 166
158 87
146 196
60 78
188 188
141 136
158 48
40 188
150 34
60 7
191 79
112 115
8 180
116 6
72 11
160 89
49 197
157 196
36 11
90 118
188 107
20
86
98
20
62
86
92
157
158
46
74
90
60
166
53
186
139
27
80
15